0 0.374711 0.742806 0.197460 0.110072
0 0.083141 0.635612 0.157044 0.131655
0 0.128753 0.501079 0.192841 0.074101
2 0.280023 0.491007 0.128176 0.074101
0 0.517321 0.615108 0.177829 0.094964
1 0.860277 0.624101 0.163972 0.124460
0 0.838915 0.456835 0.188222 0.057554
1 0.949192 0.391007 0.101617 0.095683
0 0.607390 0.337050 0.145497 0.085612
0 0.066397 0.297482 0.102771 0.061151
0 0.270785 0.183453 0.112009 0.053237
1 0.672055 0.245324 0.090069 0.069065
0 0.762702 0.180576 0.114319 0.063309
0 0.466513 0.156115 0.115473 0.051799
2 0.075058 0.080935 0.117783 0.046763
0 0.734988 0.053237 0.054273 0.046043
