0 0.652381 0.752381 0.266667 0.241270
0 0.239286 0.755556 0.235714 0.234921
0 0.851190 0.606349 0.159524 0.171429
0 0.435714 0.463492 0.085714 0.082540
0 0.333333 0.461905 0.090476 0.085714
0 0.092857 0.550794 0.104762 0.123810
0 0.045238 0.369841 0.047619 0.073016
0 0.200000 0.357143 0.061905 0.066667
0 0.110714 0.314286 0.026190 0.050794
0 0.436905 0.319048 0.054762 0.041270
0 0.527381 0.366667 0.045238 0.073016
0 0.676190 0.363492 0.061905 0.060317
0 0.971429 0.311111 0.042857 0.044444
0 0.603571 0.280952 0.050000 0.041270
0 0.263095 0.346032 0.035714 0.044444
