0 0.276562 0.666111 0.081875 0.123333
0 0.125625 0.916667 0.110000 0.166667
0 0.557187 0.491667 0.065625 0.112222
0 0.827812 0.855000 0.100625 0.138889
0 0.847500 0.332222 0.066250 0.095556
0 0.379375 0.414444 0.073750 0.077778
0 0.075938 0.464444 0.068125 0.088889
0 0.284375 0.279444 0.057500 0.083333
2 0.614375 0.261667 0.048750 0.110000
0 0.757812 0.132222 0.055625 0.080000
1 0.106250 0.241111 0.055000 0.073333
0 0.296250 0.133889 0.051250 0.070000
0 0.413750 0.058889 0.058750 0.062222
0 0.530000 0.116667 0.040000 0.060000
0 0.576875 0.182778 0.041250 0.076667
0 0.698750 0.098889 0.043750 0.068889
0 0.820937 0.116111 0.036875 0.065556
0 0.898750 0.115000 0.047500 0.058889
0 0.932813 0.279444 0.056875 0.074444
2 0.232500 0.031667 0.052500 0.061111
0 0.085312 0.068333 0.033125 0.063333
